# x f gf ggf gggf
   -72.072  3.825e-03  4.619e-03  1.295e-03  2.485e-04
   -70.871  5.819e-03  6.370e-03  1.607e-03  2.562e-04
   -69.670  9.508e-03  8.499e-03  1.919e-03  2.454e-04
   -68.468  1.605e-02  1.099e-02  2.206e-03  2.146e-04
   -67.267  2.656e-02  1.380e-02  2.445e-03  1.647e-04
   -66.066  4.190e-02  1.686e-02  2.615e-03  9.948e-05
   -64.865  6.263e-02  2.008e-02  2.702e-03  2.462e-05
   -63.664  8.896e-02  2.334e-02  2.696e-03 -5.279e-05
   -62.462  1.208e-01  2.655e-02  2.601e-03 -1.255e-04
   -61.261  1.578e-01  2.959e-02  2.425e-03 -1.870e-04
   -60.060  1.993e-01  3.238e-02  2.184e-03 -2.331e-04
   -58.859  2.445e-01  3.485e-02  1.898e-03 -2.622e-04
   -57.658  2.927e-01  3.696e-02  1.587e-03 -2.760e-04
   -56.456  3.429e-01  3.869e-02  1.266e-03 -2.791e-04
   -55.255  3.942e-01  4.003e-02  9.446e-04 -2.788e-04
   -54.054  4.460e-01  4.099e-02  6.207e-04 -2.832e-04
   -52.853  4.980e-01  4.155e-02  2.843e-04 -2.997e-04
   -51.652  5.502e-01  4.169e-02 -8.235e-05 -3.333e-04
   -50.450  6.027e-01  4.136e-02 -5.007e-04 -3.843e-04
   -49.249  6.557e-01  4.049e-02 -9.894e-04 -4.482e-04
   -48.048  7.094e-01  3.898e-02 -1.559e-03 -5.150e-04
   -46.847  7.632e-01  3.674e-02 -2.204e-03 -5.712e-04
   -45.646  8.161e-01  3.368e-02 -2.903e-03 -6.015e-04
   -44.444  8.664e-01  2.978e-02 -3.616e-03 -5.922e-04
   -43.243  9.118e-01  2.504e-02 -4.291e-03 -5.336e-04
   -42.042  9.498e-01  1.954e-02 -4.863e-03 -4.224e-04
   -40.841  9.783e-01  1.345e-02 -5.273e-03 -2.628e-04
   -39.640  9.954e-01  6.985e-03 -5.468e-03 -6.588e-05
   -38.438  1.000e+00  4.402e-04 -5.412e-03  1.517e-04
   -37.237  9.921e-01 -5.879e-03 -5.093e-03  3.701e-04
   -36.036  9.724e-01 -1.166e-02 -4.522e-03  5.692e-04
   -34.835  9.425e-01 -1.662e-02 -3.733e-03  7.312e-04
   -33.634  9.048e-01 -2.053e-02 -2.779e-03  8.425e-04
   -32.432  8.618e-01 -2.322e-02 -1.727e-03  8.952e-04
   -31.231  8.164e-01 -2.462e-02 -6.493e-04  8.871e-04
   -30.030  7.711e-01 -2.476e-02  3.833e-04  8.215e-04
   -28.829  7.285e-01 -2.371e-02  1.305e-03  7.061e-04
   -27.628  6.905e-01 -2.164e-02  2.063e-03  5.518e-04
   -26.426  6.587e-01 -1.879e-02  2.618e-03  3.716e-04
   -25.225  6.342e-01 -1.540e-02  2.946e-03  1.792e-04
   -24.024  6.174e-01 -1.175e-02  3.042e-03 -1.163e-05
   -22.823  6.083e-01 -8.130e-03  2.915e-03 -1.886e-04
   -21.622  6.065e-01 -4.783e-03  2.589e-03 -3.409e-04
   -20.420  6.107e-01 -1.930e-03  2.097e-03 -4.603e-04
   -19.219  6.196e-01  2.542e-04  1.484e-03 -5.414e-04
   -18.018  6.316e-01  1.653e-03  7.975e-04 -5.817e-04
   -16.817  6.448e-01  2.206e-03  8.635e-05 -5.818e-04
   -15.616  6.575e-01  1.913e-03 -6.026e-04 -5.452e-04
   -14.414  6.682e-01  8.262e-04 -1.228e-03 -4.777e-04
   -13.213  6.755e-01 -9.590e-04 -1.758e-03 -3.869e-04
   -12.012  6.783e-01 -3.312e-03 -2.169e-03 -2.814e-04
   -10.811  6.759e-01 -6.083e-03 -2.449e-03 -1.703e-04
    -9.610  6.678e-01 -9.110e-03 -2.596e-03 -6.154e-05
    -8.408  6.541e-01 -1.224e-02 -2.617e-03  3.794e-05
    -7.207  6.350e-01 -1.532e-02 -2.527e-03  1.234e-04
    -6.006  6.113e-01 -1.824e-02 -2.343e-03  1.925e-04
    -4.805  5.836e-01 -2.090e-02 -2.086e-03  2.448e-04
    -3.604  5.526e-01 -2.321e-02 -1.776e-03  2.820e-04
    -2.402  5.190e-01 -2.513e-02 -1.428e-03  3.064e-04
    -1.201  4.834e-01 -2.661e-02 -1.058e-03  3.208e-04
     0.000  4.464e-01 -2.764e-02 -6.757e-04  3.275e-04
     1.201  4.083e-01 -2.821e-02 -2.894e-04  3.276e-04
     2.402  3.696e-01 -2.831e-02  9.302e-05  3.212e-04
     3.604  3.311e-01 -2.797e-02  4.632e-04  3.075e-04
     4.805  2.933e-01 -2.719e-02  8.117e-04  2.852e-04
     6.006  2.568e-01 -2.601e-02  1.127e-03  2.531e-04
     7.207  2.225e-01 -2.447e-02  1.398e-03  2.106e-04
     8.408  1.909e-01 -2.265e-02  1.612e-03  1.584e-04
     9.610  1.626e-01 -2.061e-02  1.758e-03  9.857e-05
    10.811  1.380e-01 -1.843e-02  1.829e-03  3.435e-05
    12.012  1.173e-01 -1.622e-02  1.822e-03 -2.986e-05
    13.213  1.005e-01 -1.406e-02  1.742e-03 -8.914e-05
    14.414  8.745e-02 -1.204e-02  1.595e-03 -1.387e-04
    15.616  7.759e-02 -1.023e-02  1.398e-03 -1.746e-04
    16.817  7.029e-02 -8.681e-03  1.167e-03 -1.942e-04
    18.018  6.479e-02 -7.417e-03  9.236e-04 -1.964e-04
    19.219  6.032e-02 -6.442e-03  6.886e-04 -1.819e-04
    20.420  5.623e-02 -5.736e-03  4.807e-04 -1.526e-04
    21.622  5.203e-02 -5.254e-03  3.160e-04 -1.118e-04
    22.823  4.740e-02 -4.940e-03  2.060e-04 -6.327e-05
    24.024  4.218e-02 -4.721e-03  1.576e-04 -1.108e-05
    25.225  3.633e-02 -4.523e-03  1.726e-04  4.037e-05
    26.426  2.990e-02 -4.270e-03  2.473e-04  8.658e-05
    27.628  2.301e-02 -3.897e-03  3.726e-04  1.230e-04
    28.829  1.591e-02 -3.351e-03  5.341e-04  1.455e-04
    30.030  8.999e-03 -2.598e-03  7.128e-04  1.503e-04
    31.231  2.850e-03 -1.632e-03  8.859e-04  1.354e-04
    32.432 -1.830e-03 -4.738e-04  1.030e-03  1.008e-04
    33.634 -4.275e-03  8.281e-04  1.122e-03  4.954e-05
    34.835 -3.795e-03  2.201e-03  1.145e-03 -1.253e-05
    36.036  5.980e-05  3.557e-03  1.093e-03 -7.693e-05
    37.237  7.366e-03  4.804e-03  9.665e-04 -1.337e-04
    38.438  1.774e-02  5.864e-03  7.819e-04 -1.733e-04
    39.640  3.037e-02  6.679e-03  5.645e-04 -1.881e-04
    40.841  4.410e-02  7.230e-03  3.469e-04 -1.743e-04
    42.042  5.770e-02  7.537e-03  1.633e-04 -1.327e-04
    43.243  7.001e-02  7.660e-03  4.405e-05 -6.919e-05
    44.444  8.028e-02  7.690e-03  9.841e-06  6.347e-06
    45.646  8.823e-02  7.734e-03  6.803e-05  8.182e-05
    46.847  9.418e-02  7.902e-03  2.111e-04  1.450e-04
    48.048  9.892e-02  8.282e-03  4.180e-04  1.859e-04
    49.249  1.036e-01  8.935e-03  6.579e-04  1.984e-04
    50.450  1.095e-01  9.878e-03  8.954e-04  1.815e-04
    51.652  1.177e-01  1.109e-02  1.097e-03  1.394e-04
    52.853  1.293e-01  1.251e-02  1.238e-03  8.000e-05
    54.054  1.447e-01  1.405e-02  1.302e-03  1.399e-05
    55.255  1.638e-01  1.562e-02  1.289e-03 -4.804e-05
    56.456  1.864e-01  1.714e-02  1.209e-03 -9.746e-05
    57.658  2.116e-01  1.853e-02  1.079e-03 -1.294e-04
    58.859  2.384e-01  1.974e-02  9.222e-04 -1.435e-04
    60.060  2.658e-01  2.076e-02  7.567e-04 -1.440e-04
    61.261  2.934e-01  2.159e-02  5.951e-04 -1.380e-04
    62.462  3.206e-01  2.222e-02  4.401e-04 -1.340e-04
    63.664  3.476e-01  2.267e-02  2.845e-04 -1.393e-04
    64.865  3.749e-01  2.292e-02  1.144e-04 -1.581e-04
    66.066  4.029e-01  2.295e-02 -8.696e-05 -1.902e-04
    67.267  4.322e-01  2.271e-02 -3.330e-04 -2.309e-04
    68.468  4.627e-01  2.215e-02 -6.294e-04 -2.719e-04
    69.670  4.941e-01  2.120e-02 -9.708e-04 -3.037e-04
    70.871  5.254e-01  1.983e-02 -1.341e-03 -3.172e-04
    72.072  5.552e-01  1.800e-02 -1.713e-03 -3.067e-04
    73.273  5.821e-01  1.574e-02 -2.058e-03 -2.710e-04
    74.474  6.047e-01  1.310e-02 -2.347e-03 -2.133e-04
    75.676  6.218e-01  1.016e-02 -2.558e-03 -1.409e-04
    76.877  6.331e-01  7.011e-03 -2.678e-03 -6.341e-05
    78.078  6.385e-01  3.777e-03 -2.708e-03  1.001e-05
    79.279  6.386e-01  5.571e-04 -2.656e-03  7.200e-05
    80.480  6.342e-01 -2.560e-03 -2.540e-03  1.185e-04
    81.682  6.261e-01 -5.509e-03 -2.379e-03  1.492e-04
    82.883  6.149e-01 -8.245e-03 -2.189e-03  1.664e-04
    84.084  6.012e-01 -1.074e-02 -1.986e-03  1.743e-04
    85.285  5.850e-01 -1.300e-02 -1.778e-03  1.769e-04
    86.486  5.664e-01 -1.500e-02 -1.569e-03  1.772e-04
    87.688  5.454e-01 -1.675e-02 -1.361e-03  1.763e-04
    88.889  5.219e-01 -1.825e-02 -1.155e-03  1.738e-04
    90.090  4.963e-01 -1.950e-02 -9.549e-04  1.685e-04
    91.291  4.691e-01 -2.053e-02 -7.638e-04  1.595e-04
    92.492  4.410e-01 -2.132e-02 -5.860e-04  1.474e-04
    93.694  4.127e-01 -2.192e-02 -4.241e-04  1.343e-04
    94.895  3.846e-01 -2.233e-02 -2.773e-04  1.234e-04
    96.096  3.570e-01 -2.257e-02 -1.408e-04  1.183e-04
    97.297  3.296e-01 -2.264e-02 -5.590e-06  1.215e-04
    98.498  3.022e-01 -2.255e-02  1.387e-04  1.334e-04
    99.700  2.743e-01 -2.228e-02  3.013e-04  1.516e-04
   100.900  2.457e-01 -2.180e-02  4.874e-04  1.714e-04
   102.100  2.168e-01 -2.108e-02  6.953e-04  1.868e-04
   103.300  1.880e-01 -2.010e-02  9.163e-04  1.920e-04
   104.500  1.603e-01 -1.886e-02  1.135e-03  1.827e-04
   105.710  1.346e-01 -1.736e-02  1.334e-03  1.571e-04
   106.910  1.117e-01 -1.565e-02  1.492e-03  1.163e-04
   108.110  9.234e-02 -1.378e-02  1.595e-03  6.414e-05
   109.310  7.662e-02 -1.183e-02  1.631e-03  6.290e-06
   110.510  6.446e-02 -9.871e-03  1.597e-03 -5.079e-05
   111.710  5.557e-02 -7.997e-03  1.500e-03 -1.009e-04
   112.910  4.955e-02 -6.274e-03  1.349e-03 -1.390e-04
   114.110  4.607e-02 -4.756e-03  1.162e-03 -1.619e-04
