# Velocity(km/s)  CCF
 -4.0000e+02   6.3979e-04
 -3.9810e+02   2.5270e-04
 -3.9619e+02  -7.2438e-04
 -3.9429e+02  -2.3769e-03
 -3.9238e+02  -4.6290e-03
 -3.9048e+02  -7.2211e-03
 -3.8857e+02  -9.7384e-03
 -3.8667e+02  -1.1684e-02
 -3.8476e+02  -1.2582e-02
 -3.8286e+02  -1.2095e-02
 -3.8095e+02  -1.0142e-02
 -3.7905e+02  -6.9809e-03
 -3.7714e+02  -3.2162e-03
 -3.7524e+02   3.1105e-04
 -3.7333e+02   2.7622e-03
 -3.7143e+02   3.6042e-03
 -3.6952e+02   2.8603e-03
 -3.6762e+02   1.1817e-03
 -3.6571e+02  -3.2315e-04
 -3.6381e+02  -4.5115e-04
 -3.6190e+02   1.6861e-03
 -3.6000e+02   6.3828e-03
 -3.5810e+02   1.3298e-02
 -3.5619e+02   2.1646e-02
 -3.5429e+02   3.0491e-02
 -3.5238e+02   3.9003e-02
 -3.5048e+02   4.6563e-02
 -3.4857e+02   5.2729e-02
 -3.4667e+02   5.7132e-02
 -3.4476e+02   5.9418e-02
 -3.4286e+02   5.9271e-02
 -3.4095e+02   5.6507e-02
 -3.3905e+02   5.1188e-02
 -3.3714e+02   4.3681e-02
 -3.3524e+02   3.4665e-02
 -3.3333e+02   2.5071e-02
 -3.3143e+02   1.5987e-02
 -3.2952e+02   8.5365e-03
 -3.2762e+02   3.7368e-03
 -3.2571e+02   2.3442e-03
 -3.2381e+02   4.7260e-03
 -3.2190e+02   1.0789e-02
 -3.2000e+02   2.0000e-02
 -3.1810e+02   3.1498e-02
 -3.1619e+02   4.4283e-02
 -3.1429e+02   5.7400e-02
 -3.1238e+02   7.0083e-02
 -3.1048e+02   8.1791e-02
 -3.0857e+02   9.2141e-02
 -3.0667e+02   1.0078e-01
 -3.0476e+02   1.0730e-01
 -3.0286e+02   1.1116e-01
 -3.0095e+02   1.1186e-01
 -2.9905e+02   1.0908e-01
 -2.9714e+02   1.0294e-01
 -2.9524e+02   9.4040e-02
 -2.9333e+02   8.3479e-02
 -2.9143e+02   7.2573e-02
 -2.8952e+02   6.2507e-02
 -2.8762e+02   5.3987e-02
 -2.8571e+02   4.7027e-02
 -2.8381e+02   4.0984e-02
 -2.8190e+02   3.4829e-02
 -2.8000e+02   2.7570e-02
 -2.7810e+02   1.8658e-02
 -2.7619e+02   8.2352e-03
 -2.7429e+02  -2.9032e-03
 -2.7238e+02  -1.3589e-02
 -2.7048e+02  -2.2707e-02
 -2.6857e+02  -2.9568e-02
 -2.6667e+02  -3.4099e-02
 -2.6476e+02  -3.6755e-02
 -2.6286e+02  -3.8249e-02
 -2.6095e+02  -3.9197e-02
 -2.5905e+02  -3.9865e-02
 -2.5714e+02  -4.0107e-02
 -2.5524e+02  -3.9512e-02
 -2.5333e+02  -3.7684e-02
 -2.5143e+02  -3.4508e-02
 -2.4952e+02  -3.0286e-02
 -2.4762e+02  -2.5674e-02
 -2.4571e+02  -2.1439e-02
 -2.4381e+02  -1.8162e-02
 -2.4190e+02  -1.6017e-02
 -2.4000e+02  -1.4726e-02
 -2.3810e+02  -1.3726e-02
 -2.3619e+02  -1.2447e-02
 -2.3429e+02  -1.0576e-02
 -2.3238e+02  -8.1848e-03
 -2.3048e+02  -5.6835e-03
 -2.2857e+02  -3.6338e-03
 -2.2667e+02  -2.5398e-03
 -2.2476e+02  -2.6971e-03
 -2.2286e+02  -4.1393e-03
 -2.2095e+02  -6.6506e-03
 -2.1905e+02  -9.7944e-03
 -2.1714e+02  -1.2933e-02
 -2.1524e+02  -1.5259e-02
 -2.1333e+02  -1.5884e-02
 -2.1143e+02  -1.4012e-02
 -2.0952e+02  -9.1645e-03
 -2.0762e+02  -1.3780e-03
 -2.0571e+02   8.7155e-03
 -2.0381e+02   1.9973e-02
 -2.0190e+02   3.0976e-02
 -2.0000e+02   4.0325e-02
 -1.9810e+02   4.6919e-02
 -1.9619e+02   5.0110e-02
 -1.9429e+02   4.9735e-02
 -1.9238e+02   4.6036e-02
 -1.9048e+02   3.9535e-02
 -1.8857e+02   3.0907e-02
 -1.8667e+02   2.0908e-02
 -1.8476e+02   1.0339e-02
 -1.8286e+02   3.8013e-05
 -1.8095e+02  -9.1454e-03
 -1.7905e+02  -1.6410e-02
 -1.7714e+02  -2.1108e-02
 -1.7524e+02  -2.2871e-02
 -1.7333e+02  -2.1716e-02
 -1.7143e+02  -1.8099e-02
 -1.6952e+02  -1.2871e-02
 -1.6762e+02  -7.1460e-03
 -1.6571e+02  -2.0903e-03
 -1.6381e+02   1.3280e-03
 -1.6190e+02   2.5741e-03
 -1.6000e+02   1.7012e-03
 -1.5810e+02  -6.3476e-04
 -1.5619e+02  -3.3338e-03
 -1.5429e+02  -5.1615e-03
 -1.5238e+02  -5.1242e-03
 -1.5048e+02  -2.7853e-03
 -1.4857e+02   1.5994e-03
 -1.4667e+02   7.1815e-03
 -1.4476e+02   1.2812e-02
 -1.4286e+02   1.7406e-02
 -1.4095e+02   2.0227e-02
 -1.3905e+02   2.1000e-02
 -1.3714e+02   1.9833e-02
 -1.3524e+02   1.7018e-02
 -1.3333e+02   1.2835e-02
 -1.3143e+02   7.4337e-03
 -1.2952e+02   8.4298e-04
 -1.2762e+02  -6.9331e-03
 -1.2571e+02  -1.5793e-02
 -1.2381e+02  -2.5459e-02
 -1.2190e+02  -3.5474e-02
 -1.2000e+02  -4.5270e-02
 -1.1810e+02  -5.4268e-02
 -1.1619e+02  -6.1966e-02
 -1.1429e+02  -6.7967e-02
 -1.1238e+02  -7.1956e-02
 -1.1048e+02  -7.3638e-02
 -1.0857e+02  -7.2701e-02
 -1.0667e+02  -6.8837e-02
 -1.0476e+02  -6.1860e-02
 -1.0286e+02  -5.1876e-02
 -1.0095e+02  -3.9438e-02
 -9.9048e+01  -2.5591e-02
 -9.7143e+01  -1.1743e-02
 -9.5238e+01   6.0145e-04
 -9.3333e+01   1.0183e-02
 -9.1429e+01   1.6258e-02
 -8.9524e+01   1.8722e-02
 -8.7619e+01   1.8046e-02
 -8.5714e+01   1.5096e-02
 -8.3810e+01   1.0905e-02
 -8.1905e+01   6.5000e-03
 -8.0000e+01   2.8296e-03
 -7.8095e+01   7.6518e-04
 -7.6190e+01   1.1484e-03
 -7.4286e+01   4.8292e-03
 -7.2381e+01   1.2676e-02
 -7.0476e+01   2.5566e-02
 -6.8571e+01   4.4369e-02
 -6.6667e+01   6.9957e-02
 -6.4762e+01   1.0322e-01
 -6.2857e+01   1.4506e-01
 -6.0952e+01   1.9633e-01
 -5.9048e+01   2.5766e-01
 -5.7143e+01   3.2916e-01
 -5.5238e+01   4.1006e-01
 -5.3333e+01   4.9845e-01
 -5.1429e+01   5.9114e-01
 -4.9524e+01   6.8378e-01
 -4.7619e+01   7.7140e-01
 -4.5714e+01   8.4905e-01
 -4.3810e+01   9.1256e-01
 -4.1905e+01   9.5921e-01
 -4.0000e+01   9.8807e-01
 -3.8095e+01   1.0000e+00
 -3.6190e+01   9.9730e-01
 -3.4286e+01   9.8324e-01
 -3.2381e+01   9.6145e-01
 -3.0476e+01   9.3542e-01
 -2.8571e+01   9.0814e-01
 -2.6667e+01   8.8185e-01
 -2.4762e+01   8.5795e-01
 -2.2857e+01   8.3691e-01
 -2.0952e+01   8.1845e-01
 -1.9048e+01   8.0164e-01
 -1.7143e+01   7.8516e-01
 -1.5238e+01   7.6754e-01
 -1.3333e+01   7.4739e-01
 -1.1429e+01   7.2347e-01
 -9.5238e+00   6.9478e-01
 -7.6190e+00   6.6058e-01
 -5.7143e+00   6.2045e-01
 -3.8095e+00   5.7439e-01
 -1.9048e+00   5.2294e-01
  0.0000e+00   4.6723e-01
  1.9048e+00   4.0901e-01
  3.8095e+00   3.5042e-01
  5.7143e+00   2.9377e-01
  7.6190e+00   2.4123e-01
  9.5238e+00   1.9454e-01
  1.1429e+01   1.5490e-01
  1.3333e+01   1.2294e-01
  1.5238e+01   9.8770e-02
  1.7143e+01   8.2098e-02
  1.9048e+01   7.2281e-02
  2.0952e+01   6.8373e-02
  2.2857e+01   6.9143e-02
  2.4762e+01   7.3120e-02
  2.6667e+01   7.8696e-02
  2.8571e+01   8.4293e-02
  3.0476e+01   8.8566e-02
  3.2381e+01   9.0606e-02
  3.4286e+01   9.0087e-02
  3.6190e+01   8.7320e-02
  3.8095e+01   8.3216e-02
  4.0000e+01   7.9153e-02
  4.1905e+01   7.6777e-02
  4.3810e+01   7.7757e-02
  4.5714e+01   8.3553e-02
  4.7619e+01   9.5226e-02
  4.9524e+01   1.1334e-01
  5.1429e+01   1.3795e-01
  5.3333e+01   1.6872e-01
  5.5238e+01   2.0501e-01
  5.7143e+01   2.4601e-01
  5.9048e+01   2.9077e-01
  6.0952e+01   3.3821e-01
  6.2857e+01   3.8707e-01
  6.4762e+01   4.3590e-01
  6.6667e+01   4.8313e-01
  6.8571e+01   5.2720e-01
  7.0476e+01   5.6665e-01
  7.2381e+01   6.0032e-01
  7.4286e+01   6.2733e-01
  7.6190e+01   6.4703e-01
  7.8095e+01   6.5895e-01
  8.0000e+01   6.6266e-01
  8.1905e+01   6.5778e-01
  8.3810e+01   6.4403e-01
  8.5714e+01   6.2136e-01
  8.7619e+01   5.9013e-01
  8.9524e+01   5.5116e-01
  9.1429e+01   5.0585e-01
  9.3333e+01   4.5606e-01
  9.5238e+01   4.0400e-01
  9.7143e+01   3.5201e-01
  9.9048e+01   3.0233e-01
  1.0095e+02   2.5685e-01
  1.0286e+02   2.1692e-01
  1.0476e+02   1.8320e-01
  1.0667e+02   1.5557e-01
  1.0857e+02   1.3319e-01
  1.1048e+02   1.1461e-01
  1.1238e+02   9.8101e-02
  1.1429e+02   8.2076e-02
  1.1619e+02   6.5474e-02
  1.1810e+02   4.8045e-02
  1.2000e+02   3.0390e-02
  1.2190e+02   1.3760e-02
  1.2381e+02  -3.3806e-04
  1.2571e+02  -1.0573e-02
  1.2762e+02  -1.6159e-02
  1.2952e+02  -1.7046e-02
  1.3143e+02  -1.3920e-02
  1.3333e+02  -8.0246e-03
  1.3524e+02  -8.6422e-04
  1.3714e+02   6.1028e-03
  1.3905e+02   1.1715e-02
  1.4095e+02   1.5237e-02
  1.4286e+02   1.6360e-02
  1.4476e+02   1.5120e-02
  1.4667e+02   1.1776e-02
  1.4857e+02   6.7227e-03
  1.5048e+02   4.3697e-04
  1.5238e+02  -6.5355e-03
  1.5429e+02  -1.3588e-02
  1.5619e+02  -2.0080e-02
  1.5810e+02  -2.5400e-02
  1.6000e+02  -2.9067e-02
  1.6190e+02  -3.0839e-02
  1.6381e+02  -3.0789e-02
  1.6571e+02  -2.9315e-02
  1.6762e+02  -2.7048e-02
  1.6952e+02  -2.4709e-02
  1.7143e+02  -2.2935e-02
  1.7333e+02  -2.2174e-02
  1.7524e+02  -2.2659e-02
  1.7714e+02  -2.4453e-02
  1.7905e+02  -2.7531e-02
  1.8095e+02  -3.1833e-02
  1.8286e+02  -3.7253e-02
  1.8476e+02  -4.3563e-02
  1.8667e+02  -5.0317e-02
  1.8857e+02  -5.6777e-02
  1.9048e+02  -6.1913e-02
  1.9238e+02  -6.4506e-02
  1.9429e+02  -6.3356e-02
  1.9619e+02  -5.7553e-02
  1.9810e+02  -4.6736e-02
  2.0000e+02  -3.1281e-02
  2.0190e+02  -1.2317e-02
  2.0381e+02   8.4205e-03
  2.0571e+02   2.8889e-02
  2.0762e+02   4.7101e-02
  2.0952e+02   6.1441e-02
  2.1143e+02   7.0875e-02
  2.1333e+02   7.5005e-02
  2.1524e+02   7.4012e-02
  2.1714e+02   6.8510e-02
  2.1905e+02   5.9382e-02
  2.2095e+02   4.7626e-02
  2.2286e+02   3.4232e-02
  2.2476e+02   2.0092e-02
  2.2667e+02   5.9661e-03
  2.2857e+02  -7.5186e-03
  2.3048e+02  -1.9836e-02
  2.3238e+02  -3.0511e-02
  2.3429e+02  -3.9089e-02
  2.3619e+02  -4.5127e-02
  2.3810e+02  -4.8243e-02
  2.4000e+02  -4.8178e-02
  2.4190e+02  -4.4880e-02
  2.4381e+02  -3.8545e-02
  2.4571e+02  -2.9626e-02
  2.4762e+02  -1.8787e-02
  2.4952e+02  -6.8458e-03
  2.5143e+02   5.2913e-03
  2.5333e+02   1.6678e-02
  2.5524e+02   2.6380e-02
  2.5714e+02   3.3557e-02
  2.5905e+02   3.7574e-02
  2.6095e+02   3.8148e-02
  2.6286e+02   3.5463e-02
  2.6476e+02   3.0213e-02
  2.6667e+02   2.3533e-02
  2.6857e+02   1.6816e-02
  2.7048e+02   1.1466e-02
  2.7238e+02   8.6349e-03
  2.7429e+02   9.0138e-03
  2.7619e+02   1.2722e-02
  2.7810e+02   1.9320e-02
  2.8000e+02   2.7928e-02
  2.8190e+02   3.7426e-02
  2.8381e+02   4.6674e-02
  2.8571e+02   5.4697e-02
  2.8762e+02   6.0812e-02
  2.8952e+02   6.4658e-02
  2.9143e+02   6.6153e-02
  2.9333e+02   6.5389e-02
  2.9524e+02   6.2519e-02
  2.9714e+02   5.7672e-02
  2.9905e+02   5.0939e-02
  3.0095e+02   4.2460e-02
  3.0286e+02   3.2576e-02
  3.0476e+02   2.1985e-02
  3.0667e+02   1.1780e-02
  3.0857e+02   3.3069e-03
  3.1048e+02  -2.1544e-03
  3.1238e+02  -3.8015e-03
  3.1429e+02  -1.6407e-03
  3.1619e+02   3.4028e-03
  3.1810e+02   9.6663e-03
  3.2000e+02   1.5175e-02
  3.2190e+02   1.8177e-02
  3.2381e+02   1.7618e-02
  3.2571e+02   1.3408e-02
  3.2762e+02   6.4239e-03
  3.2952e+02  -1.7596e-03
  3.3143e+02  -9.3012e-03
  3.3333e+02  -1.4574e-02
  3.3524e+02  -1.6558e-02
  3.3714e+02  -1.5043e-02
  3.3905e+02  -1.0616e-02
  3.4095e+02  -4.4565e-03
  3.4286e+02   1.9872e-03
  3.4476e+02   7.3524e-03
  3.4667e+02   1.0659e-02
  3.4857e+02   1.1494e-02
  3.5048e+02   1.0048e-02
  3.5238e+02   7.0115e-03
  3.5429e+02   3.3605e-03
  3.5619e+02   1.0000e-04
  3.5810e+02  -1.9715e-03
  3.6000e+02  -2.4158e-03
  3.6190e+02  -1.2074e-03
  3.6381e+02   1.3041e-03
  3.6571e+02   4.4858e-03
  3.6762e+02   7.5350e-03
  3.6952e+02   9.5986e-03
  3.7143e+02   9.9017e-03
  3.7333e+02   7.8884e-03
  3.7524e+02   3.3590e-03
  3.7714e+02  -3.4356e-03
  3.7905e+02  -1.1790e-02
  3.8095e+02  -2.0658e-02
  3.8286e+02  -2.8879e-02
  3.8476e+02  -3.5438e-02
  3.8667e+02  -3.9693e-02
  3.8857e+02  -4.1471e-02
  3.9048e+02  -4.1033e-02
  3.9238e+02  -3.8903e-02
  3.9429e+02  -3.5670e-02
  3.9619e+02  -3.1830e-02
  3.9810e+02  -2.7718e-02
  4.0000e+02  -2.3531e-02
