# Velocity(km/s)  CCF
 -4.0000e+02  -2.6263e-02
 -3.9628e+02  -3.0412e-02
 -3.9256e+02  -3.4401e-02
 -3.8884e+02  -3.8259e-02
 -3.8512e+02  -4.2070e-02
 -3.8140e+02  -4.5920e-02
 -3.7767e+02  -4.9845e-02
 -3.7395e+02  -5.3784e-02
 -3.7023e+02  -5.7563e-02
 -3.6651e+02  -6.0897e-02
 -3.6279e+02  -6.3417e-02
 -3.5907e+02  -6.4711e-02
 -3.5535e+02  -6.4389e-02
 -3.5163e+02  -6.2161e-02
 -3.4791e+02  -5.7922e-02
 -3.4419e+02  -5.1802e-02
 -3.4047e+02  -4.4166e-02
 -3.3674e+02  -3.5537e-02
 -3.3302e+02  -2.6476e-02
 -3.2930e+02  -1.7457e-02
 -3.2558e+02  -8.8024e-03
 -3.2186e+02  -6.9539e-04
 -3.1814e+02   6.7400e-03
 -3.1442e+02   1.3349e-02
 -3.1070e+02   1.8900e-02
 -3.0698e+02   2.3114e-02
 -3.0326e+02   2.5744e-02
 -2.9953e+02   2.6670e-02
 -2.9581e+02   2.5964e-02
 -2.9209e+02   2.3894e-02
 -2.8837e+02   2.0883e-02
 -2.8465e+02   1.7434e-02
 -2.8093e+02   1.4038e-02
 -2.7721e+02   1.1080e-02
 -2.7349e+02   8.7457e-03
 -2.6977e+02   6.9616e-03
 -2.6605e+02   5.3885e-03
 -2.6233e+02   3.4917e-03
 -2.5860e+02   6.8989e-04
 -2.5488e+02  -3.4495e-03
 -2.5116e+02  -9.0297e-03
 -2.4744e+02  -1.5727e-02
 -2.4372e+02  -2.2828e-02
 -2.4000e+02  -2.9395e-02
 -2.3628e+02  -3.4523e-02
 -2.3256e+02  -3.7592e-02
 -2.2884e+02  -3.8406e-02
 -2.2512e+02  -3.7196e-02
 -2.2140e+02  -3.4457e-02
 -2.1767e+02  -3.0713e-02
 -2.1395e+02  -2.6303e-02
 -2.1023e+02  -2.1275e-02
 -2.0651e+02  -1.5430e-02
 -2.0279e+02  -8.4803e-03
 -1.9907e+02  -2.4410e-04
 -1.9535e+02   9.2094e-03
 -1.9163e+02   1.9519e-02
 -1.8791e+02   3.0094e-02
 -1.8419e+02   4.0244e-02
 -1.8047e+02   4.9301e-02
 -1.7674e+02   5.6723e-02
 -1.7302e+02   6.2139e-02
 -1.6930e+02   6.5365e-02
 -1.6558e+02   6.6410e-02
 -1.6186e+02   6.5465e-02
 -1.5814e+02   6.2876e-02
 -1.5442e+02   5.9088e-02
 -1.5070e+02   5.4559e-02
 -1.4698e+02   4.9683e-02
 -1.4326e+02   4.4751e-02
 -1.3953e+02   3.9987e-02
 -1.3581e+02   3.5635e-02
 -1.3209e+02   3.2065e-02
 -1.2837e+02   2.9811e-02
 -1.2465e+02   2.9494e-02
 -1.2093e+02   3.1630e-02
 -1.1721e+02   3.6393e-02
 -1.1349e+02   4.3423e-02
 -1.0977e+02   5.1798e-02
 -1.0605e+02   6.0195e-02
 -1.0233e+02   6.7243e-02
 -9.8605e+01   7.1950e-02
 -9.4884e+01   7.4108e-02
 -9.1163e+01   7.4559e-02
 -8.7442e+01   7.5262e-02
 -8.3721e+01   7.9162e-02
 -8.0000e+01   8.9868e-02
 -7.6279e+01   1.1120e-01
 -7.2558e+01   1.4664e-01
 -6.8837e+01   1.9872e-01
 -6.5116e+01   2.6845e-01
 -6.1395e+01   3.5482e-01
 -5.7674e+01   4.5451e-01
 -5.3953e+01   5.6205e-01
 -5.0233e+01   6.7036e-01
 -4.6512e+01   7.7179e-01
 -4.2791e+01   8.5927e-01
 -3.9070e+01   9.2750e-01
 -3.5349e+01   9.7362e-01
 -3.1628e+01   9.9726e-01
 -2.7907e+01   1.0000e+00
 -2.4186e+01   9.8446e-01
 -2.0465e+01   9.5331e-01
 -1.6744e+01   9.0866e-01
 -1.3023e+01   8.5190e-01
 -9.3023e+00   7.8396e-01
 -5.5814e+00   7.0590e-01
 -1.8605e+00   6.1940e-01
  1.8605e+00   5.2717e-01
  5.5814e+00   4.3291e-01
  9.3023e+00   3.4102e-01
  1.3023e+01   2.5614e-01
  1.6744e+01   1.8252e-01
  2.0465e+01   1.2350e-01
  2.4186e+01   8.1170e-02
  2.7907e+01   5.6280e-02
  3.1628e+01   4.8399e-02
  3.5349e+01   5.6261e-02
  3.9070e+01   7.8176e-02
  4.2791e+01   1.1239e-01
  4.6512e+01   1.5724e-01
  5.0233e+01   2.1119e-01
  5.3953e+01   2.7261e-01
  5.7674e+01   3.3954e-01
  6.1395e+01   4.0943e-01
  6.5116e+01   4.7909e-01
  6.8837e+01   5.4475e-01
  7.2558e+01   6.0233e-01
  7.6279e+01   6.4790e-01
  8.0000e+01   6.7820e-01
  8.3721e+01   6.9111e-01
  8.7442e+01   6.8594e-01
  9.1163e+01   6.6354e-01
  9.4884e+01   6.2613e-01
  9.8605e+01   5.7685e-01
  1.0233e+02   5.1932e-01
  1.0605e+02   4.5713e-01
  1.0977e+02   3.9354e-01
  1.1349e+02   3.3127e-01
  1.1721e+02   2.7244e-01
  1.2093e+02   2.1865e-01
  1.2465e+02   1.7094e-01
  1.2837e+02   1.2992e-01
  1.3209e+02   9.5739e-02
  1.3581e+02   6.8138e-02
  1.3953e+02   4.6481e-02
  1.4326e+02   2.9893e-02
  1.4698e+02   1.7431e-02
  1.5070e+02   8.2899e-03
  1.5442e+02   1.9599e-03
  1.5814e+02  -1.7224e-03
  1.6186e+02  -2.6753e-03
  1.6558e+02  -7.9946e-04
  1.6930e+02   3.7494e-03
  1.7302e+02   1.0359e-02
  1.7674e+02   1.7932e-02
  1.8047e+02   2.5069e-02
  1.8419e+02   3.0409e-02
  1.8791e+02   3.3016e-02
  1.9163e+02   3.2643e-02
  1.9535e+02   2.9789e-02
  1.9907e+02   2.5506e-02
  2.0279e+02   2.1038e-02
  2.0651e+02   1.7436e-02
  2.1023e+02   1.5270e-02
  2.1395e+02   1.4527e-02
  2.1767e+02   1.4715e-02
  2.2140e+02   1.5105e-02
  2.2512e+02   1.5017e-02
  2.2884e+02   1.4071e-02
  2.3256e+02   1.2322e-02
  2.3628e+02   1.0253e-02
  2.4000e+02   8.6445e-03
  2.4372e+02   8.3477e-03
  2.4744e+02   1.0059e-02
  2.5116e+02   1.4149e-02
  2.5488e+02   2.0588e-02
  2.5860e+02   2.8979e-02
  2.6233e+02   3.8649e-02
  2.6605e+02   4.8752e-02
  2.6977e+02   5.8366e-02
  2.7349e+02   6.6554e-02
  2.7721e+02   7.2439e-02
  2.8093e+02   7.5300e-02
  2.8465e+02   7.4697e-02
  2.8837e+02   7.0616e-02
  2.9209e+02   6.3562e-02
  2.9581e+02   5.4542e-02
  2.9953e+02   4.4903e-02
  3.0326e+02   3.6033e-02
  3.0698e+02   2.9012e-02
  3.1070e+02   2.4339e-02
  3.1442e+02   2.1842e-02
  3.1814e+02   2.0805e-02
  3.2186e+02   2.0265e-02
  3.2558e+02   1.9353e-02
  3.2930e+02   1.7543e-02
  3.3302e+02   1.4723e-02
  3.3674e+02   1.1072e-02
  3.4047e+02   6.8415e-03
  3.4419e+02   2.1495e-03
  3.4791e+02  -3.0924e-03
  3.5163e+02  -9.0799e-03
  3.5535e+02  -1.5891e-02
  3.5907e+02  -2.3255e-02
  3.6279e+02  -3.0458e-02
  3.6651e+02  -3.6448e-02
  3.7023e+02  -4.0132e-02
  3.7395e+02  -4.0735e-02
  3.7767e+02  -3.8069e-02
  3.8140e+02  -3.2596e-02
  3.8512e+02  -2.5282e-02
  3.8884e+02  -1.7301e-02
  3.9256e+02  -9.7431e-03
  3.9628e+02  -3.3974e-03
  4.0000e+02   1.3237e-03
